(1, 2) (3,) (2, 1) (2, 3) (1, 1, 2) (1, 2, 3) (6, 3) (3, 3, 3) (3, 3) pattern_hvg_4_nodes_entropy (4, 1, 2) (1, 4, 1) (1, 4) (4, 1, 1) (3, 2, 3) bigram_entropy (1, 1) (2, 3, 1) (3, 2, 1) (4, 1, 4) (2, 1, 2) (1, 3) (3, 1, 2) (2,) (2, 3, 3) pattern_hvg_5_node_entropy (2, 6, 3) (3, 3, 1) (3, 1) (3, 1, 4) (3, 2) (1, 2, 1) (6, 3, 1) (2, 1, 4) (4, 1) (1, 1, 3) (1, 1, 4) (2, 3, 2) (1, 3, 1) (6, 2, 3) (2, 1, 1) trigram_entropy unigram_entropy (4,) (3, 1, 1)
(1, 2) (2, 3) (2, 1) (3,) (1, 1, 2) (1, 2, 3) (3, 3, 3) (3, 3) pattern_hvg_4_nodes_entropy (4, 1, 2) (1, 4, 1) (1, 4) (4, 1, 1) bigram_entropy (2, 3, 1) (3, 2, 2) (4, 1, 4) (2, 1, 2) (1, 3) (3, 1, 2) (2,) (1, 4, 2) (2, 3, 3) pattern_hvg_5_node_entropy (3, 3, 1) (2, 6, 3) (3, 1) C5 (3, 1, 4) (1, 2, 1) (6, 3, 1) (2, 1, 4) (4, 1) (1, 3, 3) (1, 1, 4) (6, 2, 3) (2, 1, 1) trigram_entropy unigram_entropy (4,) (3, 1, 1)
(1, 2) (2, 3) (2, 1) (3,) (1, 1, 2) (1, 2, 3) (3, 3, 3) (3, 3) pattern_hvg_4_nodes_entropy (4, 1, 2) (1, 4, 1) (1, 4) (1, 2, 4) (4, 1, 1) (1, 2, 2) bigram_entropy (1, 1) (2, 3, 1) (3, 2, 1) (4, 1, 4) (2, 1, 2) (3, 1, 2) (2,) (2, 3, 3) pattern_hvg_5_node_entropy (3, 3, 1) (2, 6, 3) (3, 1) (2, 2) (3, 1, 4) D5 (3, 2) (1, 2, 1) (6, 3, 1) (2, 1, 4) (4, 1) (1, 3, 3) (1, 1, 3) (1, 1, 4) C4 (2, 1, 3) (2, 1, 1) trigram_entropy unigram_entropy (4,) (3, 1, 1)
(1, 2) (2, 3) (2, 1) (3,) (1, 1, 2) (1, 2, 3) (6, 3) (3, 3, 3) (3, 3) pattern_hvg_4_nodes_entropy (4, 1, 2) (1, 4, 1) (1, 4) (4, 1, 1) (1, 2, 2) bigram_entropy (2, 3, 1) (3, 2, 1) (4, 1, 4) (2, 1, 2) (1, 3) (3, 1, 2) (2,) (2, 3, 3) pattern_hvg_5_node_entropy (2, 6, 3) (3, 3, 1) (4, 4, 1) (3, 1) (3, 1, 4) (1, 2, 1) (6, 3, 1) (2, 1, 4) (4, 1) (1, 3, 3) (2, 2, 3) (1, 1, 3) (3, 3, 2) (1, 1, 4) (2, 1, 1) trigram_entropy unigram_entropy (4,) (3, 1, 1)
(1, 2) (2, 3) (2, 1) (3,) (1, 1, 2) (1, 2, 3) (6, 3) (3, 3, 3) (2, 4, 1) (3, 3) pattern_hvg_4_nodes_entropy (4, 1, 2) (1, 4, 1) (1, 4) (3, 1, 3) (4, 1, 1) bigram_entropy (1, 1) (2, 3, 1) (3, 2, 2) (4, 1, 4) (2, 1, 2) (1, 3) (3, 1, 2) (2,) pattern_hvg_5_node_entropy (3, 3, 1) (3, 1) (3, 1, 4) (3, 2) (1, 2, 1) (2, 1, 4) (4, 1) (1, 3, 3) (1, 1, 3) (1, 1, 4) (4,) C4 (6, 2, 3) (2, 1, 1) trigram_entropy unigram_entropy (2, 6, 3) (3, 1, 1)
(1, 2) (2, 3) (2, 1) (3,) (1, 1, 2) (1, 2, 3) (6, 3) (3, 3, 3) G5 (3, 3) pattern_hvg_4_nodes_entropy (4, 1, 2) (1, 4, 1) (1, 4) (4, 1, 1) bigram_entropy (2, 3, 1) (3, 2, 2) (4, 1, 4) (2, 1, 2) (1, 3) (3, 1, 2) (2,) pattern_hvg_5_node_entropy (3, 3, 1) (3, 1) (2, 2) (3, 1, 4) (3, 2) (1, 2, 1) (6, 3, 1) (2, 1, 4) (4, 1) (1, 3, 3) (2, 2, 3) (1, 1, 4) (2, 3, 2) C4 (2, 1, 1) trigram_entropy unigram_entropy (4,) (3, 1, 1)
(1, 2) (2, 3) (2, 1) (3,) (1, 1, 2) (1, 2, 3) (6, 3) (3, 3, 3) (3, 3) pattern_hvg_4_nodes_entropy (4, 1, 2) (1, 4) (4, 1, 1) (3, 2, 3) (1, 2, 2) unigram_entropy bigram_entropy (1, 1) (2, 3, 1) (4, 1, 4) A4 (2, 1, 2) (6, 1, 6) (3, 1, 2) (2,) (2, 3, 3) pattern_hvg_5_node_entropy (3, 3, 1) (3, 1) (3, 2) (1, 2, 1) (6, 3, 1) (2, 1, 4) (4, 1) (1, 3, 3) (1, 1, 3) (3, 3, 2) (1, 1, 4) (4,) (2, 3, 2) C4 (6, 2, 3) (2, 1, 1) trigram_entropy (1, 1, 1) (1, 4, 1) (2, 6, 3) (3, 1, 1)
(1, 2) (2, 3) (2, 1) (3,) (1, 1, 2) (1, 2, 3) (3, 3, 3) (3, 3) pattern_hvg_4_nodes_entropy (4, 1, 2) (1, 4, 1) Q5 (1, 4) (4, 1, 1) bigram_entropy (2, 3, 1) (4, 1, 4) (2, 1, 2) (1, 3) (3, 1, 2) (2,) (2, 3, 3) pattern_hvg_5_node_entropy (3, 3, 1) (2, 6, 3) (3, 1) (2, 2) C5 (3, 1, 4) (3, 2) (1, 2, 1) (6, 3, 1) (2, 1, 4) (4, 1) (1, 1, 3) (3, 3, 2) (1, 1, 4) (6, 2, 6) (6, 2, 3) (2, 1, 3) (2, 1, 1) trigram_entropy unigram_entropy (4,) (3, 1, 1)
(1, 2) (2, 3) (2, 1) (3,) (1, 1, 2) (1, 2, 3) (6, 3) (3, 3, 3) (2, 4, 1) (3, 3) pattern_hvg_4_nodes_entropy (4, 1, 2) (1, 4, 1) (1, 4) (4, 1, 1) bigram_entropy (1, 1) (2, 3, 1) (4, 1, 4) (2, 1, 2) (3, 1, 2) (2,) pattern_hvg_5_node_entropy (2, 6, 3) (3, 3, 1) (3, 1) (2, 2) (3, 1, 4) (3, 2) (1, 2, 1) (6, 3, 1) (2, 1, 4) (4, 1) (1, 1, 3) (1, 1, 4) (1, 3, 1) (2, 1, 1) trigram_entropy unigram_entropy (4,) (3, 1, 1)
(1, 2) (2, 3) (2, 1) (3,) (1, 1, 2) (1, 2, 3) (6, 3) (3, 3, 3) (3, 3) (6, 2, 2) pattern_hvg_4_nodes_entropy (1, 4, 1) (1, 4) (1, 2, 4) (2, 2, 1) (4, 1, 1) (1, 2, 2) bigram_entropy (2, 3, 1) (3, 2, 1) (4, 1, 4) (2, 1, 2) (1, 3) (3, 1, 2) (2,) pattern_hvg_5_node_entropy (3, 3, 1) (3, 1) (2, 2, 2) (3, 2) (1, 2, 1) (6, 3, 1) (2, 1, 4) (4, 1) (1, 1, 3) (3, 3, 2) (1, 1, 4) (3, 1, 6) (6, 2, 3) (2, 1, 3) (2, 1, 1) trigram_entropy unigram_entropy (4,) (3, 1, 1)
