(2, 1) unigram_entropy (1, 2, 2) (1, 1, 2) (3, 1) (1, 2) pattern_hvg_5_node_entropy (3, 1, 1) (1, 2, 1) (4, 1, 1) (3,) (2, 3) (2,) trigram_entropy (2, 1, 2) (2, 3, 1) bigram_entropy (2, 1, 4) pattern_hvg_4_nodes_entropy (4, 1) (1, 2, 3) (1, 3) (4,) (6, 3) (2, 1, 1) (1, 4) (3, 3) (2, 6, 3) (1, 4, 1) (3, 3, 1) (3, 2) (6, 3, 1) (3, 1, 4) (3, 3, 3) (6, 2, 3) (4, 1, 2) (1, 3, 3) (3, 2, 1) (3, 1, 2) (1, 1, 4) (2, 2, 3) (2, 3, 3) (1, 1, 3) (2, 3, 2) (2, 1, 3) (3, 3, 2) (2, 2, 1) (3, 2, 2) (4, 4, 1) (3, 2, 3) (3, 1, 6) (6, 2, 6) (1, 3, 1) (4, 1, 4) (1, 1) (2, 2) (1, 4, 4) (6, 2, 2) (4, 2, 2) (2, 2, 2)
(3, 1) (1, 4, 1) (3, 3) (1, 2, 1) pattern_hvg_5_node_entropy (3, 1, 1) (2, 1) trigram_entropy (1, 2) (2, 3) (2,) (1, 1, 2) unigram_entropy (2, 3, 1) (4, 1, 1) (3,) (2, 1, 2) bigram_entropy (2, 1, 4) (1, 2, 3) (2, 1, 1) pattern_hvg_4_nodes_entropy (4, 1) (6, 3, 1) (3, 1, 4) (3, 3, 1) (1, 4) (6, 3) (1, 3) (4, 1, 2) (4,) (3, 2) (2, 6, 3) (1, 3, 3) (6, 2, 3) (2, 2, 3) (3, 3, 3) (3, 1, 2) (1, 1, 3) (1, 1, 4) (2, 3, 2) (2, 3, 3) (2, 4, 1) (2, 6, 2) (1, 2, 2) (3, 3, 2) (1, 4, 2) (3, 2, 1) (3, 4) (3, 2, 3) (3, 1, 6) (2, 2, 2) (6, 1, 2) (3, 2, 2) (2, 2) (6, 1, 6) C5 (4, 1, 4) (6, 6, 2) (6, 2, 2)
(3, 1) (1, 1, 4) (3, 3) (2, 1, 4) (2, 1) pattern_hvg_5_node_entropy (3, 1, 1) (1, 2) unigram_entropy (1, 2, 1) (2,) (1, 1, 2) (2, 3) (2, 3, 1) (4, 1, 1) (3,) (2, 1, 2) bigram_entropy trigram_entropy (1, 2, 3) (4, 1) pattern_hvg_4_nodes_entropy (4,) (2, 1, 1) (1, 4) (1, 3) (6, 3) (1, 4, 1) (3, 3, 1) (1, 2, 2) (2, 6, 3) (3, 1, 2) (1, 3, 3) (6, 3, 1) (1, 1, 3) (2, 3, 3) (4, 1, 2) (3, 3, 3) (3, 1, 4) (2, 2) (3, 3, 2) (3, 2) (2, 1, 3) (4, 1, 4) (6, 2, 3) (2, 2, 1) (3, 2, 3) (2, 2, 2) (3, 2, 1) (4, 2) (1, 2, 4) (6, 1, 6) (1, 3, 1) D5 (4, 4, 1) C4 (2, 4, 1) (1, 1) C5 (1, 4, 4)
(3, 1) (1, 1, 4) (3, 3) (1, 2, 1) pattern_hvg_5_node_entropy (3, 1, 1) (2, 1) unigram_entropy (1, 2) (2, 3) trigram_entropy (2,) (1, 1, 2) (2, 3, 1) (4, 1, 1) (3,) bigram_entropy (2, 1, 2) (4, 1) (1, 2, 3) (1, 4) (2, 1, 1) pattern_hvg_4_nodes_entropy (6, 3) (1, 4, 1) (4,) (1, 3) (2, 6, 3) (3, 3, 1) (3, 1, 2) (3, 1, 4) (6, 3, 1) (3, 2) (1, 3, 3) (2, 1, 4) (3, 3, 3) (1, 1, 3) (1, 2, 2) (6, 2, 3) (3, 2, 3) (4, 1, 2) (2, 3, 3) (4, 1, 4) (3, 2, 1) (2, 2, 2) (2, 2, 3) (3, 3, 2) (2, 3, 2) (1, 2, 4) (3, 4) (2, 2) D5 (1, 3, 1) (4, 4, 1) (2, 1, 3) (4, 2) C5 (2, 2, 1) (1, 4, 4) (3, 2, 4)
(3, 1) (4, 1) (2, 1, 3) (1, 2, 1) pattern_hvg_5_node_entropy (3, 1, 1) (2, 1) trigram_entropy (2,) (2, 3) (1, 2) (2, 3, 1) (3,) unigram_entropy (2, 1, 2) (1, 1, 2) bigram_entropy (1, 2, 3) (4, 1, 1) pattern_hvg_4_nodes_entropy (6, 3) (3, 3, 1) (1, 4, 1) (2, 1, 1) (1, 3) (2, 6, 3) (1, 4) (3, 1, 4) (6, 3, 1) (3, 1, 2) (4,) (3, 2) (1, 3, 3) (4, 1, 2) (6, 2, 3) (1, 1, 4) (1, 1, 3) (2, 3, 3) (3, 3) (3, 2, 2) (3, 3, 2) (2, 2, 2) (3, 3, 3) (2, 1, 4) (3, 2, 3) (1, 2, 4) C4 (2, 2, 3) (2, 3, 2) (1, 3, 1) (1, 2, 2) (2, 2) (4, 1, 4) (3, 1, 3) (3, 2, 1) (2, 4, 1) (6, 1, 6) (3, 1, 6) (1, 1) (6, 6, 2)
(3, 1) (1, 4, 1) (4, 1, 3) (1, 2) pattern_hvg_5_node_entropy (2, 3) (1, 2, 1) (3, 1, 1) (2, 1) trigram_entropy (3,) (4, 1, 1) (2, 3, 1) (2,) unigram_entropy (2, 1, 2) bigram_entropy (1, 1, 2) (1, 2, 3) (2, 1, 4) pattern_hvg_4_nodes_entropy (2, 1, 1) (4,) (4, 1) (6, 3) (3, 3, 1) (1, 4) (1, 3) (2, 6, 3) (3, 1, 4) (3, 2) (3, 1, 2) (6, 3, 1) (3, 3) (6, 2, 3) (2, 2, 3) (1, 3, 3) (1, 1, 4) (2, 3, 2) (4, 1, 2) (3, 3, 3) (3, 2, 2) (1, 1, 3) (2, 1, 3) (3, 2, 1) (3, 2, 3) C4 (4, 4, 1) (2, 2, 2) (1, 2, 2) (4, 1, 4) (3, 4) (1, 2, 4) (2, 3, 3) (3, 1, 6) (1, 4, 4) (3, 3, 2) (2, 2) (4, 4) G5
(3, 1) (1, 1, 2) (2,) pattern_hvg_5_node_entropy (1, 2, 1) (2, 3) (4, 1, 1) (2, 1) (3, 1, 1) trigram_entropy (3,) (1, 2) (2, 3, 1) unigram_entropy (2, 1, 2) bigram_entropy pattern_hvg_4_nodes_entropy (1, 2, 3) (1, 4, 1) (6, 3, 1) (1, 3) (4, 1) (2, 1, 1) (3, 3, 2) (1, 4) (6, 3) (3, 3) (3, 2) (1, 2, 2) (3, 1, 4) (1, 1, 3) (2, 6, 3) (4,) (3, 3, 1) (3, 1, 2) (6, 2, 3) (2, 1, 3) (1, 1, 4) (3, 3, 3) (4, 1, 2) (2, 3, 2) (2, 1, 4) C4 (2, 3, 3) (1, 3, 3) (2, 2) (3, 2, 3) (3, 2, 1) (6, 1, 6) (2, 2, 2) (3, 1, 6) (1, 3, 1) C5 (1, 1) (4, 1, 4) A4 (3, 2, 2) (2, 6, 1) (1, 1, 1) (4, 2, 3)
(3, 1) Q5 (1, 1, 4) (3, 3) (1, 2, 1) pattern_hvg_5_node_entropy (3, 1, 1) trigram_entropy (2, 1) unigram_entropy (2,) (2, 3) (4, 1, 1) (1, 2) (2, 3, 1) bigram_entropy (2, 1, 2) (3,) (1, 1, 2) (1, 4, 1) pattern_hvg_4_nodes_entropy (1, 2, 3) (4, 1) (1, 4) (1, 3) (6, 3) (2, 1, 1) (4,) (6, 2, 3) (3, 3, 1) (2, 6, 3) (2, 1, 4) (3, 3, 2) (3, 2) (3, 1, 4) (6, 3, 1) (1, 1, 3) (3, 1, 2) (1, 3, 3) (1, 2, 2) (2, 3, 3) (4, 1, 2) (2, 2, 2) (3, 3, 3) (3, 2, 3) (4, 1, 4) (2, 1, 3) (2, 2) (1, 2, 4) (6, 2, 6) (2, 3, 2) (1, 4, 2) (3, 2, 1) (3, 1, 6) (1, 3, 1) C5 (2, 2, 3) (2, 4, 1) (3, 1, 3) (2, 6, 1)
(2, 1) unigram_entropy S5 (1, 2, 2) (1, 1, 2) (3, 1, 1) pattern_hvg_5_node_entropy (1, 2, 1) (3, 1) (4, 1, 1) (1, 2) (2, 3) (2,) trigram_entropy (3,) (4, 1) (2, 1, 2) (2, 3, 1) bigram_entropy pattern_hvg_4_nodes_entropy (4,) (1, 4) (1, 2, 3) (6, 3) (1, 4, 1) (2, 1, 1) (1, 3) (2, 1, 4) (2, 6, 3) (4, 1, 2) (6, 3, 1) (3, 3) (1, 1, 4) (3, 1, 4) (1, 3, 3) (3, 2) (3, 1, 2) (2, 1, 3) (1, 1, 3) (3, 3, 3) (3, 3, 1) (4, 1, 4) (6, 2, 3) (2, 2, 2) (3, 2, 3) (3, 3, 2) (2, 2) (1, 2, 4) (2, 2, 3) (4, 2) (3, 4) (2, 3, 2) (1, 3, 1) (6, 2, 6) (4, 4) (1, 1) (3, 2, 1) (3, 1, 6) (4, 4, 1) (2, 4, 1)
(3, 1) (3, 3, 2) (1, 1, 4) (1, 2, 1) pattern_hvg_5_node_entropy (2, 1) unigram_entropy (3, 1, 1) (2,) (2, 3) (2, 1, 4) (1, 2) (3,) trigram_entropy (2, 3, 1) (4, 1, 1) (2, 1, 2) (1, 1, 2) bigram_entropy (1, 2, 3) (1, 4) pattern_hvg_4_nodes_entropy (4, 1) (1, 3) (2, 1, 1) (4,) (6, 3, 1) (1, 4, 1) (3, 3, 1) (3, 1, 2) (3, 3) (6, 3) (3, 1, 4) (1, 1, 3) (1, 2, 2) (2, 6, 3) (6, 2, 3) (3, 3, 3) (2, 1, 3) (1, 3, 3) (4, 1, 4) (3, 2, 3) (2, 3, 3) (2, 2) (1, 2, 4) (3, 2, 1) (4, 1, 2) (3, 2) (2, 2, 1) (4, 4, 1) (1, 3, 1) D5 (2, 2, 2) (3, 1, 6) (2, 2, 3) (4, 2) (1, 4, 4) (2, 4, 1) C5 (6, 2, 2)
